(44, 385.82236)
(17, 402.49518)
(43, 406.30017)
(96, 409.75375)
(12, 410.1176)
(75, 411.5136)
(45, 413.77545)
(98, 423.72473)
(7, 426.07602)
(24, 426.7599)
(25, 432.57928)
(53, 435.35257)
(77, 437.8406)
(36, 438.07697)
(88, 443.23663)
(51, 444.99432)
(65, 450.31088)
(32, 451.4944)
(64, 451.96564)
(37, 452.95422)
(90, 460.46152)
(68, 462.2064)
(8, 465.0104)
(0, 470.67896)
(41, 474.13275)
(91, 475.87384)
(62, 475.91528)
(58, 477.5915)
(19, 478.76385)
(18, 481.93323)
(47, 482.2944)
(72, 482.38904)
(9, 483.353)
(57, 485.1493)
(3, 485.67386)
(50, 489.43854)
(14, 489.67944)
(22, 490.87543)
(30, 491.17694)
(20, 494.4893)
(60, 495.48254)
(15, 495.494)
(33, 496.40323)
(23, 496.54807)
(70, 498.85825)
(73, 498.97522)
(16, 499.72546)
(61, 501.47345)
(46, 505.78073)
(49, 507.65073)
(55, 508.4116)
(42, 508.64648)
(59, 510.76376)
(63, 512.3402)
(11, 515.48956)
(6, 515.5822)
(67, 517.2408)
(80, 517.95605)
(92, 518.14453)
(95, 518.32745)
(81, 519.11926)
(5, 519.7895)
(87, 520.17126)
(48, 520.4533)
(82, 523.1709)
(78, 523.70953)
(86, 524.1329)
(35, 525.0703)
(76, 525.38477)
(31, 527.20734)
(94, 528.79785)
(99, 534.64856)
(38, 534.821)
(89, 537.1731)
(66, 540.98706)
(74, 542.7942)
(56, 542.80383)
(52, 543.5892)
(69, 544.01)
(13, 546.9518)
(84, 551.3272)
(21, 558.19183)
(4, 559.0531)
(27, 559.8297)
(39, 559.9542)
(71, 562.9371)
(79, 566.06573)
(28, 567.2797)
(29, 570.8587)
(10, 574.0651)
(54, 575.5222)
(1, 577.6682)
(2, 578.4405)
(83, 578.9311)
(85, 592.37036)
(97, 597.94653)
(26, 615.1894)
(34, 616.23004)
(93, 623.752)
(40, 644.8696)
(77, 367.5688)
(0, 385.82236)
(1, 402.49518)
(21, 402.49518)
(27, 403.3527)
(61, 403.97668)
(2, 406.30017)
(3, 409.75375)
(64, 409.76953)
(4, 410.1176)
(5, 411.5136)
(6, 413.77545)
(81, 420.18912)
(7, 423.72473)
(94, 424.93976)
(8, 426.07602)
(46, 426.32697)
(9, 426.7599)
(29, 426.7599)
(37, 427.2488)
(90, 429.3866)
(10, 432.57928)
(40, 434.06134)
(11, 435.35257)
(12, 437.8406)
(13, 438.07697)
(14, 443.23663)
(15, 444.99432)
(82, 445.13098)
(16, 450.31088)
(32, 451.00928)
(17, 451.4944)
(18, 451.96564)
(38, 451.96567)
(48, 452.8321)
(47, 452.91043)
(19, 452.95422)
(72, 457.23224)
(92, 463.88898)
(34, 473.1114)
(65, 479.05545)
(69, 481.2497)
(50, 482.2944)
(98, 483.22845)
(86, 485.1493)
(87, 485.65714)
(88, 487.8509)
(52, 489.2188)
(83, 489.67944)
(41, 490.04645)
(97, 490.94467)
(62, 491.48065)
(74, 493.05234)
(93, 494.92773)
(43, 496.3705)
(67, 497.48914)
(71, 497.9688)
(89, 502.21136)
(49, 504.8935)
(75, 507.21893)
(56, 508.251)
(70, 508.4116)
(44, 512.09283)
(66, 512.3402)
(68, 512.7209)
(36, 514.5509)
(28, 515.59454)
(95, 516.37494)
(79, 518.0059)
(76, 518.8808)
(55, 518.8887)
(59, 519.11926)
(58, 519.7895)
(96, 520.0467)
(51, 520.5447)
(80, 521.8914)
(84, 527.9797)
(99, 528.17554)
(60, 528.3428)
(91, 528.7726)
(73, 531.569)
(45, 532.0762)
(53, 536.0242)
(39, 537.83185)
(85, 538.6876)
(42, 545.3862)
(22, 548.8907)
(63, 549.0657)
(54, 550.5519)
(57, 557.46576)
(35, 559.9542)
(31, 570.85876)
(30, 574.0651)
(26, 574.38184)
(20, 586.6839)
(33, 592.2732)
(25, 592.37036)
(24, 597.94653)
(78, 598.9522)
(23, 615.1894)